0017062007191985    RPS     EMK                           696                           
017671120192222      Elisa Eesti AS                10177777       1026141174202       
02     16969611111111100   XXXXXXXXX ALEKSANDR           32222083728                                      0107200727122008110706160562455256  
02     26969655555555554   SSSS URVE                     41111110260                                      01072007        110706140564958001  
03     1              0
04     36969655555555554   SSSS URVE                     41111110260           10000                      0107200712072007110706140564958001   
04     46969611111111117   QQQQQ AHTI                    33333333222                                      0108200712072007110700145588778944   
05     2          10000
01767221016255555    Viasat AS                     10388888       1030888074201       
02     56969611111111807   YYYYYY MADIS                  33333195234           14900                    100107200712062008757162              
02     66969600000000008   ZZZZZZZZZZZ ÜLLE              44444136040                                    2001072007        753138              
03     2          14900
05     0              0
06     6          24900
